6 15
重庆 成都 贵阳 西安 长沙 武汉
9999 318.3 375.1 683.8 892.9 897.2
318.3 9999 658.7 716.9 1194.6 1156.8
375.1 658.7 9999 1052.6 794.2 1045.1
683.8 716.9 1052.6 9999 983.8 731.8
892.9 1194.6 794.2 983.8 9999 348.1
897.2 1156.8 1045.1 731.8 348.1 9999